       Gender  Company Type  Remote  Designation  Resource  \
0           0             1       0          2.0       3.0   
1           1             1       1          1.0       2.0   
3           1             1       1          1.0       1.0   
4           0             1       0          3.0       7.0   
5           1             0       1          2.0       4.0   
...       ...           ...     ...          ...       ...   
22743       0             0       1          1.0       3.0   
22744       1             0       0          3.0       7.0   
22746       0             0       1          3.0       6.0   
22748       0             1       0          2.0       5.0   
22749       1             0       0          3.0       6.0   

       Mental Fatigue Score  Burn Rate  Work Period  
0                       3.8       0.16         12.0  
1                       5.0       0.36         12.0  
3                       2.6       0.20         12.0  
4                       6.9       0.52         12.0  
5                       3.6       0.29         12.0  
...                     ...        ...          ...  
22743                   6.0       0.48         12.0  
22744                   6.2       0.54         12.0  
22746                   6.7       0.59         12.0  
22748                   5.9       0.52         12.0  
22749                   7.8       0.61         12.0  

[18590 rows x 8 columns]